5L.png;(-1,1);95R.png;(1,1);14.25;(-1,-1);-0.75;(1,-1)
10L.png;(-1,1);90R.png;(1,1);8.98;(-1,-1);-1.00;(1,-1)
15L.png;(-1,1);85R.png;(1,1);7.08;(-1,-1);-1.25;(1,-1)
20L.png;(-1,1);80R.png;(1,1);5.95;(-1,-1);-1.50;(1,-1)
25L.png;(-1,1);75R.png;(1,1);5.25;(-1,-1);-1.75;(1,-1)
30L.png;(-1,1);70R.png;(1,1);4.69;(-1,-1);-2.01;(1,-1)
35L.png;(-1,1);65R.png;(1,1);4.21;(-1,-1);-2.27;(1,-1)
40L.png;(-1,1);60R.png;(1,1);3.78;(-1,-1);-2.53;(1,-1)
45L.png;(-1,1);55R.png;(1,1);3.41;(-1,-1);-2.79;(1,-1)
95L.png;(-1,1);5R.png;(1,1);-0.75;(-1,-1);14.25;(1,-1)
90L.png;(-1,1);10R.png;(1,1);-1.00;(-1,-1);8.98;(1,-1)
85L.png;(-1,1);15R.png;(1,1);-1.25;(-1,-1);7.08;(1,-1)
80L.png;(-1,1);20R.png;(1,1);-1.50;(-1,-1);5.95;(1,-1)
75L.png;(-1,1);25R.png;(1,1);-1.75;(-1,-1);5.25;(1,-1)
70L.png;(-1,1);30R.png;(1,1);-2.01;(-1,-1);4.69;(1,-1)
65L.png;(-1,1);35R.png;(1,1);-2.27;(-1,-1);4.21;(1,-1)
60L.png;(-1,1);40R.png;(1,1);-2.53;(-1,-1);3.78;(1,-1)
55L.png;(-1,1);45R.png;(1,1);-2.79;(-1,-1);3.41;(1,-1)
5Lc.png;(-1,-1);95Rc.png;(1,-1);14.25;(-1,1);-0.75;(1,1)
10Lc.png;(-1,-1);90Rc.png;(1,-1);8.98;(-1,1);-1.00;(1,1)
15Lc.png;(-1,-1);85Rc.png;(1,-1);7.08;(-1,1);-1.25;(1,1)
20Lc.png;(-1,-1);80Rc.png;(1,-1);5.95;(-1,1);-1.50;(1,1)
25Lc.png;(-1,-1);75Rc.png;(1,-1);5.25;(-1,1);-1.75;(1,1)
30Lc.png;(-1,-1);70Rc.png;(1,-1);4.69;(-1,1);-2.01;(1,1)
35Lc.png;(-1,-1);65Rc.png;(1,-1);4.21;(-1,1);-2.27;(1,1)
40Lc.png;(-1,-1);60Rc.png;(1,-1);3.78;(-1,1);-2.53;(1,1)
45Lc.png;(-1,-1);55Rc.png;(1,-1);3.41;(-1,1);-2.79;(1,1)
95Lc.png;(-1,-1);5Rc.png;(1,-1);-0.75;(-1,1);14.25;(1,1)
90Lc.png;(-1,-1);10Rc.png;(1,-1);-1.00;(-1,1);8.98;(1,1)
85Lc.png;(-1,-1);15Rc.png;(1,-1);-1.25;(-1,1);7.08;(1,1)
80Lc.png;(-1,-1);20Rc.png;(1,-1);-1.50;(-1,1);5.95;(1,1)
75Lc.png;(-1,-1);25Rc.png;(1,-1);-1.75;(-1,1);5.25;(1,1)
70Lc.png;(-1,-1);30Rc.png;(1,-1);-2.01;(-1,1);4.69;(1,1)
65Lc.png;(-1,-1);35Rc.png;(1,-1);-2.27;(-1,1);4.21;(1,1)
60Lc.png;(-1,-1);40Rc.png;(1,-1);-2.53;(-1,1);3.78;(1,1)
55Lc.png;(-1,-1);45Rc.png;(1,-1);-2.79;(-1,1);3.41;(1,1)